conversions_cpp:
  ros__parameters:
    roll: 0.0 #1.570796
    pitch: 0.0
    yaw: 3.14 #0.785398
    qx: 0.653281
    qy: 0.270598
    qz: 0.270598
    qw: 0.653281

conversions_python:
  ros__parameters:
    roll: 0.0
    pitch: 0.0
    yaw: 3.14
    qx: 0.653281
    qy: 0.270598
    qz: 0.270598
    qw: 0.653281
